1.05
0.910822428972
0.790634303154
0.686888646831
0.597401303348
0.520298119225
0.453971061136
0.397041550609
0.34832970557
0.306828475954
0.271681882822
0.242166737952
0.217677349328
0.197712817946
0.181866610831
0.169818159571
0.161326287033
0.156224310081
0.1544167053
0.155877259308
0.16064865655
0.168843486228
0.180646676895
0.196319392543
0.216204448004
0.240733323996
0.270434882978
0.305945905327
0.348023580366
0.397560096635
0.455599478352
0.523356807062
0.602239944576
0.693873829779
0.800127350011
0.923142677734
1.06536680257
1.22958476202
1.4189537625
1.63703696377
1.88783514981
2.17581380145
2.5059221974
2.88360008231
3.31476615146
3.80578113571
4.36337669548
4.99453978442
5.70634084873
6.50569354042
7.39903403872
8.39191024978
9.48847587315
10.6908924083
11.9986543127
13.4078689747
14.9105433641
16.4939513266
18.1401759986
19.825935492
21.5228003672
23.1978920758
24.8151083131
26.3368546718
27.7261795872
28.9491260359
29.9770484529
30.7886162964
31.3712491718
31.7218025782
31.8464341629
31.7597031822
31.4830629139
31.0429749187
30.4688950226
29.791356755
29.0403219949
28.2438984544
27.4274557964
26.6131179983
25.8195741465
25.0621329602
24.352944366
23.701319434
23.1140931564
22.5959891786
22.1499592378
21.7774814543
21.478810356
21.2531777335
21.0989475489
21.0137306386
20.9944663408
21.0374788036
21.1385158783
21.2927783258
21.4949466651
21.7392123848
22.0193194183
22.3286207052
22.6601533222
23.0067340466
23.3610753673
23.7159199656
24.0641896817
24.3991431484
24.7145347851
25.0047669092
25.2650264583
25.4913983249
25.6809485526
25.8317725387
25.943005731
26.0147968516
26.048246157
26.0453133951
26.0087017473
25.9417250308
25.8481657453
25.7321312288
25.5979143638
25.4498640897
25.2922696096
25.1292607747
24.9647258287
24.8022465774
24.6450501746
24.4959760948
24.3574564934
24.2315079883
24.1197329111
24.023328207
23.9431003761
23.8794851048
23.8325704992
23.8021230819
23.7876159304
23.7882585092
23.803027878
23.830701033
23.8698881784
23.9190667154
23.9766157025
24.0408504824
24.1100570985
24.182526051
24.256584879
24.3306290053
24.4031502556
24.4727624714
24.53822367
24.5984542772
24.6525510553
24.6997964731
24.7396634045
24.7718151917
24.7961012566
24.8125485829
24.821349514
24.822846409
24.8175137688
24.8059384864
24.7887988846
24.7668431877
24.7408680348
24.7116975794
24.6801636503
24.6470873639
24.613262495
24.579440829
24.5463196396
24.5145313643
24.4846354892
24.4571126003
24.4323605175
24.4106923931
24.3923366334
24.3774384832
24.3660631011
24.3581999477
24.3537683042
24.3526237386
24.3545653374
24.3593435228
24.3666682801
24.3762176229
24.3876461311
24.4005934019
24.4146922651
24.4295766207
24.4448887727
24.4602861432
24.4754472704
24.4900770084
24.5039108677
24.5167184555
24.5283059942
24.5385179185
24.5472375708
24.5543870341
24.5599261599
24.5638508603
24.5661907515
24.5670062407
24.5663851576
24.5644390367
24.5612991536
24.5571124207
24.5520372418
24.5462394162
24.5398881795
24.5331524548
24.5261973776
24.5191811492
24.51225226
24.5055471111
24.4991880575
24.4932818777
24.4879186731
24.4831711857
24.4790945177
24.4757262305
24.4730867922
24.4711803411
24.4699957262
24.4695077864
24.4696788243
24.470460233
24.4717942326
24.4736156753
24.4758538765
24.4784344351
24.4812810069
24.4843169982
24.4874671502
24.4906589906
24.4938241304
24.4968993902
24.4998277442
24.5025590743
24.5050507315
24.5072679052
24.5091838071
24.5107796759
24.5120446167
24.5129752887
24.5135754577
24.5138554323
24.5138314035
24.5135247079
24.5129610344
24.5121695965
24.5111822881
24.5100328421
24.5087560092
24.507386773
24.5059596137
24.5045078333
24.5030629524
24.5016541846
24.5003079951
24.4990477462
24.4978934307
24.4968614938
24.495964739
24.4952123155
24.494609782
24.4941592387
24.4938595216
24.4937064504
24.493693121
24.4938102335
24.4940464475
24.4943887539
24.4948228564
24.4953335528
24.4959051088
24.4965216177
24.4971673381
24.4978270062
24.4984861167
24.4991311684
24.499749873
24.5003313248
24.50086613
24.5013464965
24.5017662842
24.5021210181
24.502407867
24.502625588
24.5027744444
24.5028560965
24.5028734718
24.5028306183
24.5027325441
24.5025850489
24.5023945503
24.50216791
24.5019122615
24.5016348456
24.5013428538
24.5010432842
24.5007428106
24.5004476679
24.500163554
24.4998955499
24.4996480568
24.4994247534
24.4992285689
24.4990616751
24.4989254928
24.498820715
24.498747342
24.498704729
24.4986916435
24.4987063312
24.4987465872
24.4988098328
24.4988931935
24.4989935789
24.4991077601
24.4992324466
24.4993643571
24.4995002868
24.4996371682
24.4997721239
24.4999025135
24.5000259712
24.5001404358
24.5002441719
24.5003357835
24.5004142193
24.5004787708
24.5005290632
24.5005650403
24.500586944
24.5005952887
24.5005908319
24.5005745427
24.5005475663
24.5005111893
24.5004668034
24.5004158691
24.5003598817
24.5003003375
24.5002387036
24.5001763893
24.5001147214
24.5000549226
24.4999980932
24.4999451971
24.4998970515
24.49985432
24.4998175093
24.49978697
24.4997628996
24.4997453494
24.4997342331
24.4997293382
24.499730339
24.4997368109
24.499748246
24.4997640693
24.4997836552
24.4998063434
24.4998314552
24.4998583087
24.499886233
24.4999145809
24.4999427411
24.499970148
24.4999962902
24.5000207172
24.5000430447
24.500062958
24.5000802135
24.5000946386
24.5001061311
24.5001146557
24.5001202408
24.5001229731
24.5001229918
24.5001204825
24.5001156701
24.5001088112
24.5001001869
24.5000900954
24.5000788446
24.5000667449
24.5000541033
24.5000412164
24.5000283658
24.5000158131
24.5000037957
24.4999925238
24.4999821779
24.499972907
24.499964828
24.4999580252
24.4999525508
24.4999484263
24.4999456439
24.4999441689
24.4999439418
24.499944882
24.49994689
24.4999498515
24.4999536402
24.4999581218
24.4999631565
24.4999686032
24.4999743216
24.4999801757
24.4999860359
24.4999917814
24.499997302
24.5000024998
24.5000072901
24.5000116023
24.5000153807
24.5000185842
24.5000211864
24.5000231751
24.5000245514
24.500025329
24.500025533
24.5000251985
24.5000243692
24.5000230962
24.5000214359
24.500019449
24.5000171987
24.5000147493
24.5000121647
24.5000095073
24.5000068368
24.5000042087
24.5000016743
24.4999992792
24.4999970629
24.4999950589
24.4999932938
24.4999917873
24.4999905528
24.4999895969
24.4999889203
24.4999885177
24.4999883785
24.4999884876
24.4999888257
24.4999893702
24.4999900958
24.4999909752
24.4999919796
24.49999308
24.4999942472
24.4999954526
24.4999966687
24.49999787
24.4999990327
24.5000001357
24.5000011602
24.5000020907
24.5000029145
24.500003622
24.5000042066
24.5000046647
24.5000049956
24.5000052012
24.5000052859
24.5000052561
24.5000051205
24.5000048889
24.5000045728
24.5000041843
24.5000037366
24.5000032427
24.5000027161
24.5000021698
24.5000016163
24.5000010676
24.5000005345
24.500000027
24.4999995537
24.499999122
24.4999987379
24.4999984061
24.4999981297
24.4999979107
24.4999977496
24.4999976458
24.4999975975
24.4999976019
24.4999976552
24.499997753
24.4999978903
24.4999980615
24.4999982608
24.4999984822
24.4999987196
24.499998967
24.4999992187
24.4999994692
24.4999997134
24.4999999468
24.5000001653
24.5000003654
24.5000005443
24.5000006998
24.5000008302
24.5000009347
24.5000010127
24.5000010647
24.5000010912
24.5000010934
24.5000010731
24.5000010321
24.5000009727
24.5000008974
24.5000008088
24.5000007096
24.5000006027
24.5000004908
24.5000003764
24.5000002621
24.5000001503
24.500000043
24.4999999422
24.4999998495
24.4999997663
24.4999996936
24.4999996321
24.4999995824
24.4999995447
24.4999995189
24.4999995048
24.4999995018
24.4999995093
24.4999995263
24.4999995519
24.4999995849
24.4999996242
24.4999996686
24.4999997167
24.4999997673
24.4999998192
24.4999998713
24.4999999225
24.4999999717
24.5000000182
24.5000000611
24.5000000998
24.5000001338
24.5000001627
24.5000001863
24.5000002045
24.5000002172
24.5000002246
24.5000002268
24.5000002243
24.5000002173
24.5000002063
24.5000001919
24.5000001744
24.5000001546
24.500000133
24.5000001101
24.5000000866
24.5000000628
24.5000000394
24.5000000168
24.4999999954
24.4999999756
24.4999999576
24.4999999417
24.4999999282
24.499999917
24.4999999083
24.499999902
24.4999998982
24.4999998968
24.4999998976
24.4999999004
24.4999999051
24.4999999114
24.4999999191
24.4999999279
24.4999999376
24.499999948
24.4999999586
24.4999999694
24.4999999801
24.4999999905
24.5000000004
24.5000000095
24.5000000179
24.5000000253
24.5000000317
24.5000000369
24.5000000411
24.5000000442
24.5000000461
24.5000000469
24.5000000468
24.5000000456
24.5000000436
24.5000000409
24.5000000375
24.5000000336
24.5000000292
24.5000000246
24.5000000197
24.5000000148
24.5000000099
24.5000000052
24.5000000006
24.4999999964
24.4999999925
24.4999999891
24.4999999861
24.4999999836
24.4999999816
24.4999999801
24.4999999792
24.4999999787
24.4999999787
24.4999999791
24.4999999799
24.4999999811
24.4999999826
24.4999999844
24.4999999863
24.4999999884
24.4999999906
24.4999999929
24.4999999951
24.4999999973
24.4999999993
24.5000000013
24.5000000031
24.5000000047
24.5000000061
24.5000000073
24.5000000082
24.5000000089
24.5000000094
24.5000000097
24.5000000097
24.5000000096
24.5000000092
24.5000000087
24.500000008
24.5000000073
24.5000000064
24.5000000054
24.5000000044
24.5000000034
24.5000000024
24.5000000014
24.5000000005
24.4999999996
24.4999999987
24.499999998
24.4999999973
24.4999999968
24.4999999963
24.499999996
24.4999999957
24.4999999956
24.4999999956
24.4999999956
24.4999999958
24.499999996
24.4999999963
24.4999999966
24.499999997
24.4999999974
24.4999999979
24.4999999984
24.4999999988
24.4999999993
24.4999999997
24.5000000001
24.5000000005
24.5000000009
24.5000000012
24.5000000014
24.5000000016
24.5000000018
24.5000000019
24.500000002
24.500000002
24.500000002
24.5000000019
24.5000000018
24.5000000017
24.5000000016
24.5000000014
24.5000000012
24.500000001
24.5000000008
24.5000000006
24.5000000004
24.5000000002
24.5
24.4999999998
24.4999999996
24.4999999995
24.4999999994
24.4999999993
24.4999999992
24.4999999991
24.4999999991
24.4999999991
24.4999999991
24.4999999991
24.4999999992
24.4999999992
24.4999999993
24.4999999994
24.4999999994
24.4999999995
24.4999999996
24.4999999997
24.4999999998
24.4999999999
24.5
24.5000000001
24.5000000002
24.5000000002
24.5000000003
24.5000000003
24.5000000004
24.5000000004
24.5000000004
24.5000000004
24.5000000004
24.5000000004
24.5000000004
24.5000000004
24.5000000003
24.5000000003
24.5000000003
24.5000000002
24.5000000002
24.5000000001
24.5000000001
24.5
24.5
24.5
24.4999999999
24.4999999999
24.4999999999
24.4999999999
24.4999999998
24.4999999998
24.4999999998
24.4999999998
24.4999999998
24.4999999998
24.4999999998
24.4999999998
24.4999999998
24.4999999999
24.4999999999
24.4999999999
24.4999999999
24.4999999999
24.5
24.5
24.5
24.5
24.5
24.5
24.5000000001
24.5000000001
24.5000000001
24.5000000001
24.5000000001
24.5000000001
24.5000000001
24.5000000001
24.5000000001
24.5000000001
24.5000000001
24.5000000001
24.5000000001
24.5
24.5
24.5
24.5
24.5
24.5
24.5
24.5
24.5
24.5
24.5
24.5
24.5
24.5
24.5
24.5
24.5
24.5
24.5
24.5
24.5
24.5
24.5
24.5
24.5
24.5
24.5
24.5
24.5
24.5
24.5
24.5
24.5
24.5
24.5
24.5
24.5
24.5
24.5
24.5
24.5
24.5
24.5
24.5
24.5
24.5
24.5
24.5
24.5
24.5
24.5
24.5
24.5
24.5
24.5
24.5
24.5
24.5
24.5
24.5
24.5
24.5
24.5
24.5
24.5
24.5
24.5
24.5
24.5
24.5
24.5
24.5
24.5
24.5
24.5
24.5
24.5
24.5
24.5
24.5
24.5
24.5
24.5
24.5
24.5
24.5
24.5
24.5
24.5
24.5
24.5
24.5
24.5
24.5
24.5
24.5
24.5
24.5
24.5
24.5
24.5
24.5
24.5
24.5
24.5
24.5
24.5
24.5
24.5
24.5
24.5
24.5
24.5
24.5
24.5
24.5
24.5
24.5
24.5
24.5
24.5
24.5
24.5
24.5
24.5
24.5
24.5
24.5
24.5
24.5
24.5
24.5
24.5
24.5
24.5
24.5
24.5
24.5
24.5
24.5
24.5
24.5
24.5
24.5
24.5
24.5
24.5
24.5
24.5
24.5
24.5
24.5
24.5
24.5
24.5
24.5
24.5
24.5
24.5
24.5
24.5
24.5
24.5
24.5
24.5
24.5
24.5
24.5
24.5
24.5
24.5
24.5
24.5
24.5
24.5
24.5
24.5
24.5
24.5
24.5
24.5
24.5
24.5
24.5
24.5
24.5
24.5
24.5
24.5
24.5
24.5
24.5
24.5
24.5
24.5
24.5
24.5
24.5
24.5
24.5
24.5
24.5
24.5
24.5
24.5
24.5
24.5
24.5
24.5
24.5
24.5
24.5
24.5
